53
53
53
53
53
53
53
53
53
53
53
52
53
52
53
53
53
53
53
53
53
53
53
53
53
53
53
52
53
53
52
53
52
53
52
52
52
53
52
52
52
52
52
52
52
52
52
53
53
52
53
53
53
53
52
52
53
53
53
52
52
52
52
52
52
52
53
53
53
53
52
53
53
52
53
52
52
52
52
52
53
53
53
53
52
53
52
52
53
53
53
53
53
53
53
53
53
53
52
53
52
52
52
53
53
53
52
53
52
52
53
53
53
52
53
52
53
53
53
53
52
53
52
53
52
53
52
52
53
52
52
53
52
52
53
52
53
53
52
52
52
53
53
52
53
52
53
53
53
52
53
52
52
53
53
52
52
52
52
53
52
53
52
52
52
52
52
52
52
52
52
52
52
52
52
52
53
52
52
52
52
52
52
52
53
52
52
52
52
52
52
53
52
53
52
52
52
52
53
52
52
53
53
53
52
52
53
52
53
52
52
52
52
52
53
52
53
52
53
52
53
53
53
53
53
53
53
53
52
53
52
52
52
53
53
52
53
52
52
52
52
52
52
52
52
52
53
53
53
52
52
52
53
53
53
52
52
52
52
53
52
52
53
53
53
53
52
52
52
52
53
52
52
53
53
53
53
53
53
53
52
52
53
52
53
53
53
53
53
53
53
53
53
53
53
53
53
53
53
53
53
52
52
53
53
53
52
53
53
53
52
53
53
53
53
53
53
53
53
53
53
52
53
53
53
52
53
53
53
53
53
53
53
53
53
53
53
52
53
52
17
17
17
17
17
17
17
17
17
17
17
17
17
17
17
17
17
17
17
17
17
17
18
17
17
17
84
455
795
827
412
-340
-500
77
168
-276
-209
467
900
540
6
-299
-371
-40
145
-152
-725
-810
-371
-134
-362
-657
-658
-422
-154
-14
-82
-403
-517
-179
196
178
-307
-842
-899
-651
-456
-280
-135
-188
-417
-484
-323
-228
-323
-504
-628
-617
-454
-257
-209
-308
-461
-581
-621
-670
-697
-666
-644
-646
-696
-769
-835
-858
-858
-865
-908
-999
-1105
-1206
-1289
-1335
-1369
-1406
-1429
-1431
-1410
-1371
-1333
-1291
-1246
-1202
-1156
-1112
-1068
-1029
-987
-950
-914
-877
-843
-811
-779
-747
-721
-691
-664
-636
-613
-587
-564
-541
-519
-499
-476
-458
-439
-422
-405
-388
-371
-356
-341
-325
-312
-298
-284
-274
-261
-249
-237
-228
-216
-205
-197
-186
-179
-169
-162
-152
-146
-137
-131
-123
-118
-110
-104
-99
-91
-87
-82
-76
-71
-67
-61
-57
-53
-50
-45
-41
-38
-34
-29
-25
-21
-19
-13
-10
-7
-5
-2
0
3
7
11
16
18
21
24
27
33
35
38
39
42
48
50
52
55
59
65
68
72
80
89
96
97
98
102
105
108
114
112
109
112
108
104
104
107
114
118
122
123
123
129
129
128
125
124
123
123
128
137
150
156
156
155
154
154
155
160
162
163
167
173
173
168
165
165
164
165
164
156
155
163
167
168
168
181
204
226
233
232
234
241
241
241
242
225
202
197
205
213
215
217
219
217
212
214
216
213
212
228
242
241
231
226
233
243
245
243
241
244
246
252
262
268
267
268
277
290
300
298
298
308
321
326
324
328
340
345
340
323
324
332
332
324
317
310
300
300
315
327
332
340
342
340
343
345
331
311
307
310
299
285
288
296
311
323
324
315
307
311
323
309
292
285
288
291
295
289
283
282
279
276
264
267
279
284
299
298
288
288
296
307
316
329
336
330
325
324
325
331
340
326
307
289
274
274
292
307
308
299
285
278
277
269
261
258
253
245
230
216
203
200
213
225
220
203
194
208
220
224
218
214
209
210
204
193
198
220
234
228
201
186
197
214
228
235
233
228
233
247
251
242
230
226
225
243
266
257
240
232
240
249
244
225
219
233
244
236
225
217
211
208
208
212
203
201
212
217
224
227
230
236
233
225
233
249
237
209
195
208
217
212
210
209
202
197
196
192
183
178
180
182
187
198
211
214
201
189
196
200
197
209
215
217
224
220
214
210
209
196
172
165
164
161
165
169
164
164
168
168
163
160
165
167
169
173
167
163
160
166
162
147
153
176
177
151
138
145
156
169
165
148
147
161
176
186
180
164
157
166
177
183
173
160
155
161
153
150
149
148
152
166
176
168
160
164
171
172
169
168
171
171
171
172
179
187
192
182
168
156
161
171
168
167
179
181
179
177
177
169
165
167
180
201
202
186
178
176
172
163
162
157
156
153
144
120
107
120
137
148
153
163
171
170
160
160
166
163
153
149
147
151
157
163
177
195
185
161
144
136
148
166
169
160
147
144
140
145
151
161
161
144
144
149
161
166
161
153
149
148
151
146
129
114
112
108
112
114
107
101
99
102
96
91
85
73
72
80
86
104
118
100
102
119
128
120
117
121
131
141
137
124
123
125
133
139
147
139
125
115
103
102
102
99
100
112
120
109
102
106
108
105
103
119
139
137
133
144
154
149
148
155
156
150
153
168
170
161
149
138
135
125
107
96
92
91
104
120
124
124
129
131
133
137
140
150
160
167
161
145
133
137
139
146
155
155
147
145
146
140
134
130
130
133
136
136
131
120
108
113
115
103
87
67
55
64
73
84
101
107
115
118
103
96
106
107
97
96
104
113
101
93
96
99
90
73
69
77
86
89
100
106
100
90
83
85
91
97
98
99
101
105
106
105
104
89
81
71
60
66
76
85
81
72
67
69
71
72
74
81
83
92
101
106
115
106
96
96
103
107
109
103
84
72
75
83
96
115
132
122
92
71
73
77
82
85
90
102
115
120
118
115
112
99
89
80
60
60
81
99
106
108
114
116
112
99
101
106
102
90
77
80
88
92
103
114
118
115
105
102
96
80
68
57
57
64
73
89
98
99
103
115
130
131
125
108
88
91
106
100
84
81
88
97
98
83
77
92
104
101
87
73
69
69
68
69
72
75
83
89
89
93
82
73
72
65
59
69
77
84
88
86
81
77
82
80
69
60
59
70
81
88
100
108
116
119
119
121
120
114
113
103
97
101
106
107
102
84
68
64
58
50
44
48
42
37
44
53
56
59
64
68
80
97
104
105
106
108
109
107
98
99
117
119
113
107
101
102
105
89
76
86
97
88
81
81
81
83
85
77
76
80
81
72
80
104
120
139
154
154
166
180
187
185
185
192
189
184
183
188
187
187
200
208
225
253
262
243
216
215
227
231
220
217
227
250
258
242
227
215
205
199
184
161
152
166
183
177
140
116
96
75
57
33
17
7
-3
-19
-42
-69
-84
-89
-99
-107
-117
-114
-102
-97
-107
-121
-115
-116
-123
-123
-117
-103
-82
-67
-69
-85
-100
-102
-106
-118
-117
-105
-97
-86
-71
-60
-52
-43
-40
-27
-9
-19
-40
-45
-41
-35
-34
-43
-39
-17
5
13
5
1
9
22
17
6
2
1
7
10
2
-12
-21
-19
-10
-6
-5
-13
-21
-17
-12
-8
2
8
-2
-3
10
22
38
53
50
51
60
71
77
76
76
80
69
59
65
70
69
68
73
70
60
60
84
102
98
87
87
98
113
120
123
128
123
119
121
124
125
121
115
113
118
112
108
113
117
120
115
114
112
104
99
99
91
84
85
96
92
90
90
90
89
83
83
83
81
82
84
85
90
93
97
98
96
85
71
66
70
76
85
91
97
90
75
61
53
51
52
48
45
45
48
51
54
57
44
33
34
44
55
55
40
22
0
8
52
88
109
108
96
100
115
113
112
104
91
90
97
104
102
102
105
113
120
124
121
108
102
102
102
105
101
87
76
80
88
92
83
64
58
77
92
100
99
85
71
66
66
69
70
74
84
83
80
71
68
65
64
70
83
90
99
117
123
106
96
97
99
88
71
68
82
93
89
76
69
66
70
70
59
53
49
44
65
91
100
91
89
88
81
65
59
65
69
81
88
92
103
108
106
96
87
93
93
84
77
75
72
67
67
75
83
91
102
100
84
82
84
72
54
44
56
70
66
53
40
27
24
33
39
50
53
52
51
49
45
37
36
48
65
65
55
43
34
35
64
81
59
40
42
59
74
75
64
64
67
69
69
81
85
81
84
92
91
81
72
71
77
77
80
85
86
84
99
103
99
85
76
84
97
105
106
105
96
80
59
53
44
35
36
42
37
29
32
37
40
41
41
44
43
40
48
57
49
39
52
60
48
29
21
25
41
59
71
70
66
59
52
52
60
60
54
53
35
21
19
19
13
22
40
50
50
59
73
52
29
38
53
58
54
38
25
25
32
41
57
59
49
42
51
64
68
68
72
85
97
103
107
112
115
118
106
82
53
43
45
42
37
25
21
26
32
35
42
48
49
44
41
44
58
70
55
28
22
41
59
71
82
91
100
100
93
76
58
52
65
76
69
58
56
59
51
36
32
37
38
48
59
70
81
92
97
75
51
33
32
23
21
34
36
32
40
67
72
53
35
28
35
41
52
55
51
49
42
54
67
66
61
59
60
71
75
69
55
36
36
57
76
80
67
56
57
66
75
84
84
73
61
67
69
58
50
49
56
70
72
58
45
43
55
73
89
85
70
72
75
77
82
90
104
108
88
57
49
52
52
52
56
53
51
51
43
35
32
35
41
50
60
67
61
64
74
91
96
86
83
80
74
80
80
67
54
61
75
74
64
49
45
59
67
67
71
70
66
60
68
65
53
45
32
17
16
25
37
33
28
34
49
57
59
59
59
50
41
42
56
58
56
44
35
27
36
52
60
74
74
68
68
60
49
51
56
52
44
55
61
53
45
40
39
51
59
57
48
40
44
66
81
77
74
84
99
103
103
101
97
109
112
98
91
88
77
69
66
67
64
56
54
52
55
49
36
23
32
50
53
57
54
40
34
45
59
54
42
43
59
72
68
55
40
34
42
50
51
59
53
42
54
61
68
74
75
59
53
65
82
87
85
77
72
70
58
40
33
44
64
57
52
56
66
80
84
72
66
75
91
87
69
52
41
41
58
72
65
64
70
81
91
85
71
67
68
72
73
73
80
91
89
65
50
58
65
64
53
41
29
29
36
41
42
48
41
27
38
49
40
40
49
49
41
39
33
22
13
10
19
32
38
53
53
33
12
13
26
39
52
55
50
45
56
76
88
81
59
57
67
56
39
41
54
50
42
49
60
66
52
40
45
53
48
48
43
39
44
57
70
67
41
23
28
43
49
41
42
54
60
64
65
56
44
44
55
65
58
41
26
24
35
54
61
55
51
52
56
65
59
37
25
34
44
50
48
35
24
20
9
1
17
26
22
27
39
43
45
40
36
33
28
44
70
88
84
69
51
32
22
45
81
88
67
43
37
48
70
85
72
48
36
43
50
49
56
64
59
58
71
87
87
82
92
109
105
83
61
48
37
34
41
53
64
69
84
96
87
71
52
36
17
-8
-22
-28
-21
3
25
40
35
28
33
37
44
54
67
77
77
76
76
70
67
64
48
33
43
58
71
66
52
43
48
61
72
66
55
66
74
88
91
73
53
55
69
82
76
68
66
67
69
69
66
54
37
32
53
76
85
93
104
104
98
93
81
59
61
65
61
66
69
64
69
90
102
91
75
70
75
91
106
104
102
136
154
103
55
64
86
73
37
9
17
49
74
88
103
150
192
199
184
170
134
81
68
74
85
103
100
123
277
454
423
164
-72
-83
17
85
155
354
682
800
680
389
186
188
164
37
19
356
637
700
877
1157
1203
1047
851
728
635
713
1018
1242
1270
1192
1273
1585
1669
1590
1539
1476
1428
1387
1321
1282
1321
1352
1291
1208
1207
1206
1170
1128
1089
1049
1012
978
944
909
880
850
820
792
764
738
712
689
664
644
624
601
581
562
544
524
507
491
475
459
444
432
418
404
391
379
368
356
344
333
325
314
305
295
285
278
268
262
253
247
240
232
226
217
210
208
202
195
182
168
169
168
163
151
137
140
147
102
3
28
123
122
18
-153
-115
58
134
136
53
-170
-345
-74
119
11
-269
-507
-428
-91
105
81
-43
-135
-156
-161
-205
-242
-328
-428
-381
-311
-205
-225
-289
-172
-51
-379
-1121
-1242
-540
-22
-309
-994
-952
-465
-146
-209
-248
-10
-104
-601
-957
-674
-11
66
-467
-780
-590
-132
145
-109
-810
-1156
-813
-412
-580
-806
-680
-307
-142
-475
-827
-691
-465
-373
-347
-485
-582
-411
-157
-17
-218
-626
-789
-631
-389
-340
-440
-476
-407
-252
-185
-372
-493
-339
-238
-261
-289
-136
-267
-574
-597
-313
-126
-353
-775
-924
-536
-216
-490
-876
-918
-630
-190
123
-1
-238
-299
-267
-167
-109
-293
-579
-634
-422
-218
-113
-94
-151
-280
-426
-478
-454
-450
-486
-530
-524
-472
-433
-444
-474
-529
-581
-644
-718
-763
-789
-837
-854
-838
-843
-885
-934
-1010
-1110
-1195
-1298
-1412
-1517
-1633
-1763
-1907
-2029
-2048
-2048
-2048
-2048
-2048
-2035
-1989
-1941
-1884
-1820
-1757
-1701
-1644
-1589
-1529
-1470
-1414
-1358
-1307
-1259
-1213
-1171
-1126
-1083
-1043
-1002
-963
-924
-887
-852
-819
-782
-749
-717
-691
-662
-633
-603
-572
-545
-518
-494
-476
-458
-441
-424
-406
-388
-371
-355
-334
-314
-295
-284
-274
-260
-242
-222
-206
-197
-187
-177
-164
-150
-138
-129
-120
-116
-109
-105
-98
-88
-84
-85
-81
-66
-53
-42
-29
-13
2
19
34
48
64
80
97
115
130
132
133
149
170
183
194
202
213
225
231
243
251
260
267
273
275
277
282
291
295
297
293
290
285
281
281
295
297
295
305
317
328
340
360
380
401
407
411
423
442
459
471
474
482
491
497
476
467
486
505
515
516
517
520
520
535
536
523
532
561
588
597
586
567
534
505
524
555
553
540
535
539
546
533
514
522
537
531
532
517
488
474
461
459
472
473
465
454
448
439
438
444
450
453
459
455
445
436
427
425
421
428
442
433
416
401
386
374
363
364
375
386
387
389
389
380
370
362
372
380
385
373
357
357
340
324
328
329
324
310
296
299
316
340
346
344
345
340
328
323
312
295
279
268
267
262
257
259
267
269
262
248
251
274
265
263
289
312
317
301
280
273
280
289
289
274
253
247
263
301
321
314
292
260
265
290
288
260
233
219
216
221
233
256
268
265
258
242
225
218
217
214
212
215
224
233
248
252
252
247
233
221
210
213
232
231
208
187
181
173
164
156
150
148
154
179
196
199
193
192
200
201
194
177
177
185
184
187
199
211
217
204
192
188
198
205
196
187
186
188
178
163
156
160
165
166
162
160
157
150
148
157
167
162
150
144
138
137
141
140
135
138
135
120
115
105
101
99
101
107
122
129
133
163
177
157
129
114
121
140
141
117
101
99
117
133
131
128
131
138
151
157
133
112
116
124
121
107
81
49
36
42
44
35
27
39
57
70
74
72
69
71
74
71
59
55
59
53
51
60
81
96
84
67
69
84
98
101
99
100
103
101
93
97
109
116
118
116
114
116
119
122
120
117
112
99
89
92
107
99
69
71
99
113
108
91
80
85
100
107
117
116
105
105
116
130
132
124
124
129
129
134
139
137
134
123
124
136
139
132
137
161
171
167
148
130
114
102
101
96
80
72
83
97
103
108
116
115
113
109
97
84
84
105
104
80
64
59
66
71
76
87
90
85
91
99
91
84
82
87
101
103
91
86
88
87
86
89
91
87
82
80
73
74
72
66
66
72
72
70
64
55
52
54
55
51
51
54
55
57
65
67
58
53
51
49
41
28
24
42
72
87
89
82
76
76
83
83
75
69
61
58
65
76
76
83
89
87
73
69
69
74
80
77
90
102
85
55
35
20
11
22
34
28
19
17
27
34
22
20
26
39
43
49
51
61
82
71
55
59
67
84
106
117
107
100
102
114
119
107
102
92
84
102
132
138
116
98
99
98
101
101
97
97
115
133
134
108
91
92
100
105
116
118
120
128
123
116
108
106
101
97
98
93
83
81
77
84
99
117
118
112
106
101
100
100
99
100
96
89
89
96
97
89
76
66
66
75
101
112
97
73
64
58
57
59
66
59
64
69
72
73
68
80
96
100
88
71
76
91
82
65
60
55
55
69
85
97
88
65
48
50
59
64
74
92
96
67
42
34
39
50
52
50
37
40
59
73
73
75
76
66
65
56
56
76
92
97
91
68
48
39
39
48
54
57
60
67
76
75
67
77
98
89
73
87
114
108
86
81
92
92
76
75
68
56
53
50
43
37
42
53
65
61
57
69
83
82
68
59
55
57
59
65
72
83
83
77
82
89
90
86
70
64
68
71
75
76
75
80
83
74
58
49
52
51
59
67
65
64
71
84
102
99
70
61
81
96
89
76
69
81
97
96
83
84
93
85
66
58
69
84
96
98
80
69
70
83
82
66
56
57
57
52
42
44
43
43
54
70
77
73
59
44
37
39
49
54
70
87
71
60
72
73
68
55
44
51
56
38
25
36
51
57
72
81
73
71
73
85
93
93
90
83
70
48
27
36
52
59
56
56
64
70
69
67
80
80
39
11
10
6
10
12
4
3
3
9
22
38
51
54
48
38
32
34
51
70
83
89
96
98
89
88
84
80
76
77
77
61
56
76
91
87
71
56
44
43
52
66
86
100
107
106
112
124
130
122
113
103
89
87
101
112
109
96
81
86
87
83
91
113
112
97
91
97
102
106
113
113
99
73
51
35
39
55
55
54
53
54
55
51
48
50
39
25
18
21
36
51
50
48
45
37
34
40
66
85
74
51
50
61
75
85
69
52
42
45
42
36
51
57
36
25
32
25
25
33
36
49
67
66
60
57
55
55
51
50
42
22
11
12
21
26
20
19
18
18
25
21
6
9
20
26
32
33
25
21
32
54
68
75
81
66
55
67
74
76
72
69
68
58
54
52
51
61
75
73
58
41
36
27
20
18
29
41
41
38
42
54
66
66
41
29
41
53
56
49
37
36
53
74
90
91
84
81
83
77
74
67
57
52
53
55
59
57
56
73
84
80
84
117
132
124
125
139
170
181
163
166
199
229
233
216
212
227
249
258
244
240
247
259
263
256
257
257
257
261
269
281
280
280
291
297
289
272
269
263
235
204
196
189
160
130
109
99
89
86
74
43
25
37
25
-4
-27
-42
-56
-68
-77
-85
-101
-118
-132
-140
-147
-148
-149
-142
-137
-136
-150
-162
-163
-165
-165
-177
-184
-171
-152
-139
-137
-137
-141
-173
-202
-197
-190
-213
-212
-183
-153
-136
-134
-139
-138
-125
-113
-99
-97
-97
-93
-74
-67
-73
-69
-61
-56
-41
-21
-11
-26
-50
-55
-55
-55
-57
-54
-41
-41
-37
-11
8
18
19
13
17
27
42
50
55
64
73
83
83
83
83
82
76
69
68
72
81
83
85
85
87
90
90
92
96
90
90
92
101
118
119
109
104
107
123
149
157
155
154
133
101
88
96
100
104
119
124
124
128
123
122
114
116
118
105
88
83
89
104
101
92
99
103
103
93
82
80
84
88
82
71
75
73
69
77
75
70
65
67
80
87
89
101
112
109
107
99
89
89
93
100
104
93
71
59
70
83
81
70
68
76
90
102
105
98
74
55
49
54
70
76
75
73
83
101
102
97
96
86
58
52
51
54
66
69
65
64
76
88
84
65
49
43
38
36
34
28
25
18
12
23
43
57
57
53
50
40
49
67
70
73
89
89
70
59
68
61
48
43
53
57
49
42
57
82
90
86
64
57
80
92
100
98
96
99
101
102
101
97
92
98
106
117
128
122
107
93
89
90
86
83
77
73
66
54
37
19
8
3
-2
5
18
16
16
16
17
19
28
44
61
70
66
55
44
33
25
25
27
43
60
69
65
52
38
36
42
41
28
6
-2
4
6
19
33
35
40
40
40
49
52
56
58
49
44
58
84
88
66
39
32
49
69
81
83
76
75
86
93
91
96
91
89
91
86
77
75
74
68
65
68
55
42
44
53
45
36
39
54
70
73
68
65
53
43
35
21
20
36
56
71
69
71
77
73
69
68
69
76
84
77
56
50
51
41
27
35
53
59
59
66
72
83
88
82
70
70
73
84
86
85
80
66
64
65
72
76
70
75
81
76
72
59
53
55
57
53
42
25
18
19
13
12
20
32
33
33
35
49
56
48
39
33
34
35
33
45
55
55
45
32
11
5
6
16
25
36
43
44
52
42
20
8
20
43
37
21
13
0
4
36
52
49
39
41
50
57
57
71
81
73
75
73
53
42
53
59
59
61
66
68
69
66
60
58
68
82
83
84
83
85
90
85
74
73
86
91
89
92
88
80
73
69
66
73
87
97
91
84
85
89
91
91
91
87
84
75
75
85
75
58
50
40
41
44
45
40
41
49
50
56
66
54
44
42
51
48
25
21
35
53
55
40
24
27
38
39
33
24
29
49
53
56
55
55
58
58
64
80
81
68
61
67
71
75
71
56
49
58
67
66
66
70
76
75
66
58
52
42
45
49
48
53
53
49
48
41
34
33
34
52
69
77
68
43
32
38
36
22
13
19
24
34
40
52
60
66
61
59
68
58
41
37
40
45
43
42
42
38
35
38
42
53
54
44
37
40
53
53
51
59
68
64
51
50
52
69
75
74
68
71
82
75
65
60
67
72
67
64
59
49
37
29
33
26
18
22
27
37
36
40
57
84
100
97
82
69
59
43
48
61
70
69
67
59
52
44
48
52
48
39
26
25
35
40
48
41
38
34
21
9
12
32
34
19
9
18
34
40
32
25
32
40
52
57
58
57
64
65
66
65
55
49
53
50
48
56
64
54
37
27
26
27
26
23
24
27
32
34
35
36
42
49
38
19
9
12
13
6
-3
2
7
7
5
-1
-5
-21
-37
-39
-22
-7
-3
8
20
27
29
27
19
10
23
41
43
34
22
24
22
22
20
13
22
39
48
42
43
71
96
98
99
102
92
64
28
17
29
45
50
44
42
42
44
55
55
53
65
69
73
86
91
98
115
133
135
125
132
146
138
118
118
122
123
115
96
86
96
102
104
104
99
101
99
84
68
67
70
66
61
74
71
48
37
60
73
60
52
40
25
22
28
36
43
49
48
44
37
36
37
37
39
34
28
36
40
44
45
50
65
72
76
68
64
68
75
77
76
70
58
49
43
41
44
45
41
37
23
20
32
42
48
43
38
37
42
42
35
34
50
72
68
57
67
74
74
68
66
69
74
75
69
54
38
34
42
60
73
73
72
75
75
69
69
81
81
80
80
75
77
83
83
82
85
99
104
96
83
72
71
76
87
80
66
60
72
73
66
58
52
37
21
3
-11
-24
-41
-53
-40
-27
-19
-10
-4
1
-2
-8
-17
-17
-4
9
13
17
34
50
53
48
49
55
69
80
80
72
54
42
59
73
77
75
71
67
69
61
41
43
65
75
66
50
40
38
52
69
87
82
68
67
77
86
76
68
73
73
65
64
68
76
82
65
49
51
64
69
65
65
68
67
60
64
71
85
97
93
87
84
84
88
88
84
80
83
83
83
89
93
84
66
49
34
28
42
52
52
55
61
64
61
67
73
74
72
74
87
105
118
119
117
121
130
128
116
101
101
97
69
53
55
67
73
59
49
57
70
64
52
41
35
38
41
41
35
27
33
42
57
69
57
51
64
50
34
37
35
25
24
36
39
23
11
18
33
44
50
45
48
48
38
41
52
35
13
23
42
54
43
21
20
18
17
39
55
68
69
51
34
24
26
41
53
51
36
22
24
32
27
16
9
12
10
7
2
16
32
32
35
50
52
53
64
74
74
60
36
27
32
40
52
64
69
73
74
65
57
59
67
69
71
71
69
67
65
65
64
58
42
27
29
40
39
22
5
5
9
19
22
9
-5
1
17
19
18
19
27
53
71
68
65
65
70
80
80
70
66
59
44
36
22
6
1
2
1
4
22
39
45
37
23
16
-2
-28
-36
-23
0
12
8
3
4
17
37
49
42
36
40
55
59
57
69
77
72
73
73
67
59
68
83
92
96
97
99
99
100
102
105
106
103
98
106
115
98
75
68
56
41
37
44
51
49
52
66
59
44
37
38
35
22
23
44
60
59
53
44
38
38
49
60
68
76
68
55
53
57
35
9
8
23
49
75
71
51
44
49
52
51
42
35
37
42
39
38
53
64
58
48
39
35
54
92
124
131
128
124
131
136
131
115
112
123
121
101
86
81
77
84
96
101
99
91
85
85
85
70
58
58
82
104
103
90
87
91
91
77
55
45
67
87
85
80
86
100
93
80
65
55
37
25
32
41
39
33
37
55
59
53
51
53
55
50
48
39
37
34
33
33
37
41
41
45
50
43
41
43
52
50
35
22
27
41
39
26
20
21
22
20
19
26
29
23
21
27
39
49
49
41
37
35
37
37
34
44
71
73
69
77
88
91
91
82
64
51
55
64
65
67
74
65
43
36
44
68
83
77
71
74
77
82
75
65
52
54
64
67
71
65
53
50
56
59
52
54
50
21
-3
-10
-8
-11
-21
-28
-26
-8
12
24
25
19
19
27
34
32
28
35
38
33
26
33
35
39
36
11
-3
3
20
33
41
50
64
73
77
80
82
83
77
76
76
81
76
67
56
51
52
66
74
61
51
52
57
72
72
53
37
29
37
56
68
60
59
67
71
68
64
59
56
55
58
67
72
71
53
37
36
42
41
37
40
39
41
42
37
41
57
64
56
50
48
43
50
60
75
86
98
116
135
138
140
146
150
152
137
116
115
115
113
115
100
80
72
71
71
60
51
52
57
54
43
35
29
27
29
35
36
39
36
29
34
48
57
58
60
76
82
59
45
45
41
37
38
40
44
52
58
59
45
33
42
67
74
76
80
84
93
87
71
69
69
60
65
76
82
74
69
66
60
60
69
82
90
91
82
73
60
51
45
49
41
28
24
36
51
57
53
41
39
44
48
49
55
58
53
55
51
50
44
40
33
7
-19
-37
-46
-51
-51
-42
-40
-36
-24
-13
5
18
20
27
40
42
41
38
29
26
21
21
35
54
65
58
42
36
43
45
39
27
27
26
29
43
61
73
83
70
51
44
48
49
45
41
39
44
56
64
59
51
38
39
51
59
64
59
57
55
56
50
51
59
65
68
60
56
75
88
90
101
120
135
146
153
155
156
163
169
167
160
135
119
118
121
117
104
90
89
88
81
73
70
65
54
51
51
44
58
70
61
70
69
54
54
56
59
58
59
65
75
81
81
86
81
72
74
97
121
120
93
65
51
53
52
51
55
67
64
52
49
42
21
8
17
26
34
36
36
49
70
83
70
44
28
27
40
53
51
48
57
71
64
42
27
35
49
44
39
41
35
24
19
16
3
-2
10
25
32
24
12
17
25
29
23
12
4
9
24
33
39
43
42
53
74
81
66
57
51
43
48
57
68
69
69
69
65
64
65
67
65
45
24
2
-5
-13
-19
-9
-1
5
3
7
16
11
8
16
11
3
10
29
34
23
13
5
-1
4
16
22
26
35
44
58
65
69
71
73
69
68
75
84
81
69
61
73
92
92
68
43
39
45
60
80
82
61
41
35
39
50
66
81
92
96
84
74
70
65
59
59
59
66
71
74
73
60
56
58
65
72
66
53
48
42
44
41
37
40
48
45
43
50
44
26
12
20
32
37
40
37
36
42
59
84
103
114
101
89
90
98
98
92
89
81
76
86
102
105
114
124
129
120
105
104
113
115
104
92
83
73
71
68
70
77
85
81
73
73
70
61
57
41
29
38
57
72
74
64
54
56
59
61
66
71
74
86
103
108
89
77
85
86
83
74
58
51
43
33
19
8
7
6
8
22
23
9
2
6
16
18
7
-7
-11
0
19
33
36
32
17
25
66
93
101
89
96
114
122
115
100
96
103
113
101
71
59
66
64
52
40
29
22
17
22
39
52
49
40
32
21
23
32
38
38
38
26
9
2
1
-9
-27
-26
-13
-2
18
44
57
55
49
34
33
37
35
26
23
18
1
-10
19
55
58
48
42
52
56
44
45
60
72
77
72
69
68
61
59
71
80
67
44
37
43
56
58
53
42
49
71
86
89
80
67
71
74
73
72
69
58
57
58
56
61
67
64
59
68
76
72
65
71
72
53
35
25
33
53
60
48
38
37
35
48
64
58
59
66
68
67
75
103
124
140
154
157
147
133
119
112
115
124
132
131
125
128
134
133
124
106
80
57
39
44
59
61
49
28
16
18
29
49
54
56
60
65
66
67
66
69
71
69
64
60
60
55
48
40
45
67
88
104
109
90
84
99
109
102
93
96
100
108
112
102
83
68
67
59
43
33
23
21
27
39
44
49
53
53
55
57
48
43
39
28
27
40
61
77
75
69
67
66
66
70
69
61
56
40
38
50
53
38
23
21
24
13
6
5
6
5
12
11
5
3
18
40
44
40
38
39
39
42
51
44
50
64
67
58
51
53
54
44
34
32
41
52
48
41
41
52
52
53
56
59
54
50
56
67
72
59
56
68
68
44
10
-13
-33
-44
-40
-30
-27
-34
-28
-13
1
7
10
9
9
18
18
18
26
35
29
24
34
43
44
43
45
48
41
41
50
61
68
54
42
39
42
51
56
65
66
65
77
101
105
91
86
86
83
84
91
92
96
99
89
80
66
42
26
34
56
68
65
81
89
69
42
36
37
24
18
18
27
34
33
44
70
74
57
45
51
73
90
73
55
67
86
88
77
74
73
69
59
54
60
70
54
41
50
55
57
65
69
70
76
82
68
56
61
66
64
60
64
71
85
75
54
54
68
61
60
77
77
61
57
57
53
52
56
65
69
73
77
81
68
55
51
50
51
56
65
69
73
74
65
56
59
72
70
59
54
53
56
61
68
75
81
74
65
