53
54
54
54
54
54
54
55
54
54
53
53
54
53
53
53
53
53
53
53
53
53
53
53
53
53
53
53
53
53
53
53
53
52
52
52
52
52
52
53
53
53
52
53
53
53
53
53
53
52
53
53
53
52
51
51
52
53
53
53
53
53
53
53
53
53
53
53
53
53
53
53
53
53
53
53
53
52
52
52
52
52
52
52
52
52
53
52
52
52
52
52
52
52
52
53
53
53
52
52
53
53
53
52
51
51
51
51
50
49
49
49
48
49
48
45
43
42
41
41
43
43
43
43
42
41
40
41
42
42
42
41
39
37
35
36
37
37
35
34
33
34
34
32
27
23
21
22
24
26
27
32
33
33
32
29
27
25
21
17
13
16
18
18
13
9
9
10
10
11
12
10
10
11
17
21
23
25
26
28
29
28
25
20
8
-1
-1
2
5
10
18
21
25
28
32
29
25
23
24
27
32
25
21
23
25
25
24
22
23
29
29
25
26
26
27
32
36
38
39
41
42
42
42
40
39
39
38
39
43
44
45
48
48
44
43
45
45
42
40
40
37
38
39
38
37
39
39
43
48
42
40
40
39
38
39
39
42
43
40
38
41
48
48
39
34
33
40
48
48
43
43
48
51
53
53
52
50
48
42
40
41
43
44
43
41
39
35
35
35
29
29
32
33
34
32
29
33
38
38
17
17
17
17
18
17
17
18
17
17
17
17
17
17
17
17
17
17
18
18
17
17
17
17
17
17
67
273
359
246
-51
-424
-643
-628
-450
-194
35
121
66
-82
-246
-331
-301
-178
-34
53
59
2
-69
-116
-105
-73
-61
-20
34
43
11
-19
-24
-13
3
11
12
-10
-38
-34
6
54
72
125
200
267
326
343
310
284
306
345
364
361
360
374
390
406
392
354
355
386
405
411
397
362
352
362
356
340
326
284
246
230
214
187
170
171
165
138
119
114
113
108
92
83
71
48
44
37
13
-10
-12
-7
-18
-29
-25
-3
25
27
5
-23
-43
-41
-24
-7
-6
-12
-27
-51
-61
-60
-44
-28
-27
-37
-30
-36
-51
-61
-67
-54
-56
-58
-53
-65
-71
-65
-42
-22
-27
-46
-52
-42
-43
-30
-26
-6
-21
-33
-17
7
-10
-50
-65
-41
-26
-25
-10
-1
12
41
21
-13
-18
5
8
-6
-5
1
19
22
27
51
13
-29
-30
16
59
54
-8
-62
-36
35
59
53
37
10
-18
-21
3
38
38
0
-42
-69
-41
19
28
2
-10
3
22
23
9
10
32
42
40
25
26
49
72
84
35
3
27
80
105
112
89
50
49
84
104
88
57
50
71
66
53
59
69
74
75
72
67
67
58
56
75
87
88
89
102
121
112
99
103
97
90
101
106
124
106
74
83
88
71
56
54
60
66
71
77
71
76
83
61
48
58
37
10
-5
-7
0
11
21
28
42
59
71
86
98
102
84
66
64
65
73
75
87
108
133
122
102
90
85
92
129
138
107
99
125
138
139
129
134
133
98
81
88
109
124
121
102
96
96
97
86
71
84
90
89
59
49
58
74
85
90
89
67
57
73
101
103
72
42
35
35
49
58
61
74
69
70
76
88
89
89
89
81
65
53
65
73
73
90
97
77
55
25
6
23
45
57
72
82
85
89
96
99
84
61
65
87
100
74
49
54
66
74
89
67
42
43
65
88
102
92
85
92
85
69
68
77
85
59
34
29
44
60
66
73
88
93
107
98
80
75
91
102
99
85
60
80
105
88
70
86
103
103
73
42
38
53
60
69
73
56
54
57
60
54
53
56
65
75
60
48
49
51
57
67
58
39
41
66
73
65
67
80
84
69
60
83
112
114
96
86
91
89
80
74
88
89
75
77
98
112
96
75
65
50
48
58
66
65
75
84
72
54
52
61
60
44
33
33
41
37
49
75
96
89
76
77
96
104
88
71
69
69
68
49
39
50
57
58
33
8
23
41
39
29
27
23
22
21
21
26
32
35
39
56
77
89
104
112
108
88
73
60
51
53
65
73
86
85
69
54
57
66
73
85
93
99
103
98
80
70
73
72
71
83
96
98
93
100
105
103
100
89
73
71
80
86
96
99
99
98
98
98
84
85
96
86
77
74
72
68
60
70
69
64
74
100
104
91
84
83
85
90
77
75
84
74
55
37
19
18
37
65
67
40
26
40
59
65
64
43
17
17
38
65
70
71
71
68
67
66
81
99
92
84
83
80
68
52
54
69
74
61
52
67
87
90
75
64
70
89
93
85
84
84
83
88
75
60
60
61
40
26
39
57
66
60
71
90
103
108
91
69
61
70
81
70
58
67
76
77
68
65
80
97
91
86
83
69
58
44
42
53
58
53
55
73
87
93
96
91
83
82
92
105
102
80
68
67
80
83
73
61
67
71
59
58
77
91
83
73
85
97
100
107
106
104
92
71
54
53
66
74
74
71
73
71
69
81
84
69
67
54
45
38
40
43
36
41
45
39
29
24
27
39
43
34
39
44
41
25
16
24
43
57
71
82
86
84
73
69
70
70
80
74
64
45
49
58
56
54
53
43
50
68
86
89
84
80
86
96
76
57
66
75
74
60
45
36
29
33
35
37
38
42
52
57
51
57
73
93
102
82
67
67
58
39
27
39
59
69
60
57
58
42
24
17
24
49
59
41
29
36
53
76
75
55
59
80
84
66
53
64
93
112
107
103
105
121
138
141
164
181
184
185
196
203
214
224
232
245
256
261
265
261
275
292
288
272
274
278
279
289
289
293
314
326
320
305
300
304
297
281
265
242
231
240
231
198
167
165
160
115
60
36
43
51
40
17
-17
-39
-65
-67
-56
-52
-59
-87
-105
-110
-124
-152
-156
-145
-147
-154
-149
-136
-116
-94
-82
-76
-90
-87
-72
-69
-93
-133
-142
-125
-115
-116
-113
-99
-89
-83
-88
-102
-99
-86
-78
-73
-70
-65
-51
-41
-38
-43
-46
-39
-42
-38
-19
-21
-39
-40
-41
-43
-25
-8
-6
-20
-29
-37
-36
-38
-43
-38
-20
-3
-3
-5
1
13
12
16
29
45
44
35
28
24
16
19
33
43
44
20
-6
2
33
69
99
106
105
114
118
113
99
85
86
103
118
106
100
101
88
67
44
42
58
70
73
75
75
70
70
74
76
69
55
48
53
58
70
84
72
48
40
58
69
51
40
60
83
75
61
59
58
60
43
22
13
18
34
32
17
25
49
59
59
57
58
59
54
54
72
89
90
88
96
106
117
108
99
97
99
106
96
93
107
121
124
125
117
105
105
113
112
100
93
102
115
128
116
88
85
92
77
54
52
64
74
69
69
67
70
61
35
20
36
44
48
58
71
68
57
48
45
50
52
42
39
36
26
23
6
-3
18
45
49
48
56
54
36
24
27
41
42
42
42
50
70
71
53
43
43
53
57
48
37
34
26
25
41
60
66
52
57
65
69
81
87
80
74
61
48
44
53
64
60
49
28
21
25
32
41
37
23
26
44
73
90
85
83
74
68
73
90
97
82
60
52
55
59
41
21
10
20
25
24
28
48
74
81
71
66
71
75
83
83
75
69
59
67
74
64
67
73
68
60
68
74
81
76
75
76
77
74
71
59
51
44
48
58
57
53
64
83
98
96
93
92
83
75
71
54
39
35
39
50
43
44
54
49
35
32
29
28
33
28
43
74
82
68
57
54
57
64
70
80
70
59
60
60
54
56
55
48
50
64
69
70
85
105
104
83
66
59
57
68
72
70
70
54
50
60
65
56
41
20
21
49
67
44
29
42
60
68
53
49
58
71
80
75
75
83
84
72
59
55
53
51
55
60
74
81
88
105
106
104
109
102
80
73
81
65
43
33
28
34
40
60
68
48
33
38
49
55
51
49
55
58
66
76
74
81
84
86
68
49
53
64
74
80
66
55
64
90
99
81
75
70
60
51
37
21
18
28
53
72
75
60
53
67
88
103
99
84
89
100
82
64
54
50
41
22
13
12
17
17
7
1
8
17
28
36
32
26
29
33
39
53
64
61
69
73
54
37
53
69
69
64
71
67
45
35
32
34
39
40
41
55
56
55
59
74
81
87
93
86
72
67
70
80
88
72
59
70
90
85
64
45
38
38
54
69
76
76
72
69
60
58
70
65
53
59
83
86
56
28
36
43
49
55
54
57
49
38
33
28
35
41
56
59
51
53
59
59
55
51
53
56
48
35
37
54
58
65
69
60
43
38
49
54
50
44
50
65
81
80
71
60
53
42
36
38
52
56
59
66
70
75
65
37
20
25
45
64
75
60
40
41
49
49
42
43
45
53
55
66
77
75
72
65
49
35
21
7
11
26
24
18
20
24
36
33
10
0
6
11
24
36
36
34
35
44
57
55
44
36
37
50
65
61
56
54
56
54
51
41
38
43
49
41
35
37
25
16
16
20
26
34
43
51
49
56
59
53
55
69
69
55
43
36
38
42
49
55
67
71
70
75
83
83
58
48
65
86
102
86
69
75
86
89
73
67
80
85
82
70
57
51
54
65
69
65
52
36
24
37
57
69
59
48
55
60
45
37
42
49
53
61
89
114
109
105
104
103
89
83
87
81
54
39
27
18
22
29
27
25
36
53
67
67
55
48
49
53
55
51
48
51
58
58
58
61
65
64
59
57
57
65
70
85
101
99
89
76
64
69
80
85
100
130
139
119
98
86
83
89
98
92
74
65
77
98
105
88
67
60
70
59
43
35
34
38
37
29
12
5
16
26
38
39
44
57
64
53
40
29
32
37
38
49
60
73
87
83
70
81
89
86
77
82
99
118
131
136
113
73
64
71
70
70
69
72
80
85
93
92
77
67
66
65
51
36
36
55
70
45
6
-12
-25
-36
-45
-67
-88
-108
-133
-138
-132
-125
-123
-125
-132
-139
-147
-139
-124
-117
-106
-93
-85
-70
-49
-29
-12
0
-6
-21
-27
-24
-13
-10
-8
4
20
40
58
50
39
43
58
70
50
32
37
48
61
82
80
65
57
51
58
75
80
82
82
87
98
100
99
84
64
56
64
71
57
32
28
40
57
55
42
41
57
80
81
80
86
82
64
54
57
61
59
59
60
68
75
72
56
45
39
49
65
69
75
92
87
65
60
73
82
80
75
73
85
115
133
135
136
123
116
112
106
113
117
114
101
93
102
121
128
114
104
108
105
97
96
93
89
75
69
81
87
74
64
59
81
99
92
76
77
93
91
74
69
74
89
114
129
125
123
123
116
102
97
96
105
112
87
60
52
51
53
61
66
49
34
42
66
77
76
67
56
51
53
54
52
55
66
84
104
107
92
86
99
105
93
90
106
118
128
133
107
91
93
89
68
55
59
76
90
88
81
72
72
81
81
86
100
104
75
51
52
58
52
64
97
123
118
102
105
141
198
219
225
275
321
240
165
197
315
486
567
676
729
504
137
-69
43
330
539
601
437
186
200
379
465
754
971
629
136
-67
183
674
983
979
853
771
792
1061
1497
1744
1795
1705
1556
1497
1523
1442
1218
995
955
1136
1179
1153
1123
1053
1060
1124
1158
1187
1154
1048
980
1032
1041
1008
969
935
901
870
840
811
786
759
732
708
684
662
640
617
596
578
560
539
521
504
488
472
456
441
426
413
402
389
375
363
354
343
331
322
310
301
293
283
276
268
260
252
246
240
232
226
219
213
208
201
196
187
182
181
177
171
168
162
154
154
150
136
136
140
138
135
129
122
122
122
120
108
49
-24
19
74
109
108
56
-39
-13
36
90
116
107
65
-66
-220
-201
6
99
20
-181
-146
16
35
32
-3
-189
-349
-247
-51
91
92
-70
-233
-142
-20
-98
-317
-545
-617
-686
-604
-365
-188
-156
-168
-183
-59
-117
-488
-789
-602
-50
68
-325
-916
-1025
-684
-519
-508
-488
-612
-795
-781
-712
-555
-360
-466
-821
-883
-658
-707
-817
-782
-674
-420
-213
-433
-717
-885
-802
-889
-1121
-1163
-1153
-1123
-1041
-958
-922
-806
-697
-701
-725
-718
-728
-739
-674
-609
-641
-689
-682
-646
-611
-598
-622
-619
-569
-500
-439
-425
-461
-522
-569
-604
-604
-589
-572
-566
-593
-606
-641
-705
-755
-826
-935
-1058
-1221
-1388
-1501
-1610
-1752
-1885
-1993
-2048
-2048
-2048
-2048
-2048
-2048
-2048
-2048
-2048
-2048
-2009
-1937
-1864
-1796
-1729
-1665
-1602
-1541
-1482
-1428
-1371
-1321
-1271
-1223
-1176
-1131
-1089
-1046
-1005
-966
-930
-892
-858
-825
-792
-761
-731
-702
-675
-648
-621
-597
-573
-551
-529
-506
-487
-467
-446
-428
-410
-394
-378
-361
-346
-331
-317
-302
-291
-278
-264
-253
-243
-231
-219
-210
-200
-189
-181
-170
-162
-151
-141
-133
-122
-113
-101
-89
-81
-70
-59
-50
-38
-26
-17
-8
-3
7
21
35
42
54
71
89
103
115
124
140
156
166
177
184
193
196
201
214
224
230
237
241
247
262
276
285
296
307
324
349
370
380
387
407
434
439
436
455
489
520
540
556
577
595
613
611
597
597
614
621
615
609
611
625
621
618
635
640
632
631
642
658
678
682
664
642
633
627
614
596
577
569
563
551
548
560
571
563
545
520
500
500
519
540
541
533
520
505
491
480
456
439
428
433
441
455
471
480
466
451
445
441
425
417
424
449
453
445
434
411
412
435
456
473
465
441
426
438
457
445
420
404
410
428
452
480
482
457
433
423
427
440
452
449
433
416
397
391
384
375
357
344
354
364
373
381
378
373
349
330
344
371
385
373
340
314
311
316
323
320
313
325
337
325
309
314
326
326
316
309
315
326
324
322
324
320
321
316
292
281
290
294
292
288
275
261
259
265
260
246
245
250
250
241
232
229
226
227
230
244
251
233
219
225
218
204
183
165
157
155
150
148
155
183
210
202
184
183
178
167
152
147
167
195
196
179
155
144
140
148
151
152
163
167
162
155
148
124
117
113
99
85
74
65
65
91
120
121
115
116
117
117
113
119
135
145
145
147
147
137
117
102
106
112
113
106
103
98
90
93
97
103
115
121
129
138
162
184
194
178
130
105
125
148
135
105
99
115
124
114
104
115
112
92
88
103
132
141
132
120
128
148
151
141
140
145
147
152
146
129
114
107
123
136
128
115
103
90
91
109
130
138
132
128
124
130
124
128
140
144
137
140
145
137
125
123
129
134
138
135
132
130
133
148
150
146
148
165
163
149
150
149
147
153
163
155
144
144
148
153
160
168
178
170
152
141
147
157
157
154
139
130
130
132
129
124
124
138
147
133
118
122
136
128
109
109
119
122
107
91
86
93
99
98
93
89
92
114
122
112
91
83
67
58
49
36
36
48
68
68
56
68
101
114
99
90
102
114
135
155
135
118
118
120
113
102
104
109
91
74
70
70
65
56
54
60
60
58
53
37
25
25
33
24
26
40
56
67
64
65
68
60
42
11
7
32
56
66
68
81
99
101
90
77
64
59
66
83
98
98
85
74
75
75
84
90
92
96
84
71
66
58
58
52
35
34
57
74
89
132
140
106
60
26
54
98
119
140
163
181
210
242
282
304
305
295
301
346
402
416
391
376
387
397
396
391
379
386
405
422
406
379
352
328
329
343
328
291
253
235
229
214
199
194
188
185
168
144
117
87
71
53
26
20
29
23
3
-22
-55
-82
-84
-83
-89
-101
-108
-107
-108
-107
-107
-126
-145
-148
-150
-151
-152
-148
-133
-118
-118
-130
-141
-151
-148
-141
-136
-135
-146
-153
-148
-142
-147
-145
-129
-118
-130
-132
-115
-116
-133
-136
-134
-134
-132
-134
-136
-122
-108
-103
-100
-99
-85
-76
-82
-92
-100
-87
-68
-67
-76
-72
-60
-50
-37
-34
-36
-25
0
21
32
29
18
6
2
1
7
16
25
33
39
43
40
24
19
24
34
29
19
8
6
6
11
13
16
22
26
35
42
41
44
56
61
56
49
56
81
88
93
91
82
72
60
61
84
101
88
84
100
107
91
76
64
66
70
80
104
124
119
108
102
100
97
74
64
74
97
87
71
83
103
118
117
108
108
113
108
100
87
76
77
84
91
104
100
81
68
58
59
71
87
101
92
70
72
72
57
53
59
52
35
42
60
73
69
61
56
49
50
51
38
20
11
18
33
49
51
51
55
51
26
20
33
52
56
41
43
56
68
64
50
48
58
72
66
54
57
68
71
67
60
73
85
85
89
89
70
39
27
35
38
38
50
61
73
84
83
81
68
48
44
52
49
38
38
37
37
44
64
70
57
39
51
68
57
54
59
73
77
80
77
73
71
73
82
96
103
87
65
75
91
86
72
55
48
51
67
90
85
61
69
88
90
75
56
34
28
36
43
49
48
44
50
61
66
66
65
59
59
50
39
35
32
25
23
17
7
5
6
7
4
-9
-17
-11
-8
-6
-5
1
11
23
23
26
49
73
105
128
122
113
98
89
97
99
92
84
64
50
45
45
37
17
-3
-4
6
27
49
54
57
57
55
42
42
53
53
51
40
37
45
57
60
52
38
38
50
56
53
39
29
26
12
4
6
9
13
10
-2
4
23
33
34
34
25
22
19
16
23
32
28
22
21
26
26
25
39
52
55
61
68
69
64
67
81
72
40
26
32
34
24
8
0
1
21
48
50
37
37
52
70
80
83
90
89
88
88
85
91
97
88
77
76
82
91
97
91
71
42
35
51
67
76
75
61
54
66
84
96
88
82
82
75
75
89
106
104
81
65
65
58
39
28
37
51
60
59
51
49
50
41
49
53
52
50
50
44
48
53
59
53
43
38
51
65
59
50
54
61
76
100
106
108
101
89
97
113
124
129
120
108
113
122
118
117
134
134
121
115
108
92
81
72
81
88
92
98
93
89
84
82
76
71
68
68
65
59
48
41
45
49
38
19
8
9
5
4
20
28
4
-9
2
20
29
29
33
34
49
65
69
70
58
54
65
67
50
28
11
6
13
35
43
32
22
25
27
29
37
37
39
48
55
55
54
45
33
34
50
72
85
74
67
70
85
83
65
50
40
41
52
69
87
103
106
98
88
73
71
83
97
91
58
43
53
49
45
51
49
48
53
56
51
43
36
40
50
43
32
27
28
36
41
55
49
22
12
24
49
61
58
48
35
25
21
24
32
32
26
26
34
34
32
23
25
37
39
35
23
20
24
24
16
12
21
36
48
51
49
50
50
60
75
74
73
76
72
66
67
70
75
71
60
56
60
60
54
50
42
37
37
42
41
33
29
21
9
20
35
28
34
43
42
38
34
26
24
36
57
76
82
72
71
69
55
44
60
77
73
76
85
80
73
71
50
34
33
34
45
51
38
41
65
75
66
39
25
21
39
67
72
66
64
75
86
81
64
59
69
73
76
85
96
86
70
57
40
36
39
44
38
20
18
19
12
12
23
32
48
53
45
43
39
35
38
48
59
61
61
59
52
49
44
38
44
58
70
65
60
80
88
97
98
96
83
60
40
39
43
45
52
55
57
64
71
74
68
57
41
32
33
43
49
48
55
74
89
108
100
82
77
85
86
75
64
54
43
40
33
34
50
64
53
45
53
58
43
26
27
33
32
36
39
36
34
39
51
45
37
23
10
17
34
38
25
18
6
-7
-17
-5
11
35
44
38
38
38
36
35
39
37
26
11
2
-1
7
23
36
43
51
53
55
61
73
72
69
73
82
93
92
89
83
70
61
57
49
42
43
44
34
8
-5
4
21
18
12
24
37
40
45
39
22
24
35
40
42
44
51
52
48
44
39
38
40
37
29
27
26
32
41
49
51
45
48
56
74
92
81
50
39
53
61
45
33
38
53
60
67
60
49
53
68
77
80
73
72
85
93
90
87
74
67
69
69
59
59
67
72
70
67
75
90
88
68
59
68
72
66
54
56
57
55
56
49
35
38
51
50
41
42
54
55
35
-4
-27
-24
-4
9
20
18
3
1
20
29
32
23
19
32
55
73
71
69
80
100
109
98
75
65
68
73
71
67
60
51
52
49
44
38
24
21
39
53
58
61
68
69
65
66
43
20
20
32
42
66
80
72
57
58
60
58
60
67
60
53
49
43
43
48
53
56
58
64
59
44
25
20
37
39
28
28
38
44
53
52
48
42
57
73
71
64
69
75
71
55
42
49
68
84
92
75
59
70
83
64
36
36
43
40
32
35
49
64
75
85
89
81
85
91
92
75
55
49
42
41
52
56
50
50
43
42
50
54
50
52
59
54
45
53
61
64
73
88
97
92
73
61
69
70
67
64
52
44
45
51
55
51
35
25
38
50
43
36
36
38
25
19
25
39
49
50
56
53
53
64
69
65
55
49
51
66
86
98
97
92
100
106
88
71
68
64
54
53
50
41
43
54
51
35
26
22
34
53
51
40
43
53
48
24
21
45
75
68
42
32
36
40
33
27
37
27
21
28
40
38
23
17
18
19
23
26
29
39
54
50
43
42
45
54
67
71
74
74
73
81
88
101
108
103
92
90
81
81
96
101
90
85
81
81
97
99
84
71
69
80
92
87
72
55
49
49
41
22
3
-7
5
34
51
51
48
41
35
32
53
75
87
80
59
49
53
68
74
65
50
54
67
71
66
66
66
55
43
32
26
28
34
32
25
23
29
42
61
67
55
36
29
34
35
42
61
68
51
38
45
66
73
80
82
90
97
81
57
44
52
74
90
83
67
59
69
73
74
75
73
67
56
51
40
24
26
42
43
25
5
8
38
68
80
101
105
86
73
90
88
65
59
65
68
69
60
51
56
72
75
67
56
50
50
54
67
80
90
98
96
90
88
75
72
81
90
88
72
66
87
116
108
92
84
87
96
83
74
75
60
48
55
82
93
80
59
43
23
7
8
28
42
45
52
57
57
49
41
37
23
17
11
17
25
34
26
20
25
32
28
32
38
24
5
8
26
36
37
33
23
21
20
11
12
21
36
48
44
40
48
56
65
55
24
16
37
52
42
26
6
-6
-2
6
16
35
45
51
55
57
53
43
44
50
57
68
67
66
61
41
13
10
34
52
64
81
97
74
59
72
72
61
44
33
50
74
87
85
82
96
112
113
99
76
65
67
75
87
103
116
97
84
90
90
74
60
69
67
64
43
32
34
35
41
39
28
36
54
64
60
51
44
53
61
68
57
45
45
48
45
58
68
66
58
58
55
50
41
32
32
38
59
68
41
32
54
83
88
75
53
48
59
70
66
53
39
25
24
36
49
64
66
51
48
50
49
49
38
16
5
-5
-6
7
22
17
-8
-19
5
26
38
55
59
59
75
91
84
81
91
91
68
48
41
51
70
83
82
68
42
22
20
32
42
45
48
49
66
73
52
51
66
49
27
26
33
29
26
26
36
57
66
61
68
69
60
68
74
65
45
44
40
34
40
51
56
56
49
35
28
40
34
24
29
37
42
54
69
76
88
90
76
56
55
64
66
64
58
58
74
85
73
52
49
67
76
72
58
53
55
72
81
82
83
81
69
65
69
77
77
73
74
73
64
55
64
72
75
81
73
72
76
77
80
84
88
82
73
80
75
74
77
82
85
83
71
52
33
34
37
36
57
73
72
64
60
67
65
49
37
42
51
44
28
19
17
18
20
19
32
37
21
-2
-9
-5
-6
-17
-19
-10
3
10
8
7
5
12
37
52
48
35
42
51
54
54
53
56
53
37
28
25
21
22
35
43
36
16
-2
-3
4
12
16
18
22
17
11
17
25
50
76
91
73
42
25
26
21
16
20
36
67
88
77
51
49
64
57
48
40
34
32
39
53
64
69
74
67
67
85
106
123
130
130
133
118
104
124
132
108
80
50
4
-58
-78
-83
-135
-199
-172
-34
124
196
185
177
198
216
213
177
129
88
59
29
34
88
139
152
112
84
112
140
155
211
322
370
276
311
464
481
339
246
283
432
572
780
880
731
710
834
1033
1357
1476
1274
588
28
24
339
776
972
775
465
339
567
1139
1477
1337
957
1123
1557
1570
1523
1656
1708
1643
1559
1440
1418
1429
1378
1329
1281
1236
1192
1149
1110
1073
1034
998
962
929
898
868
837
807
779
755
728
704
680
658
633
613
593
572
553
535
519
502
484
468
453
439
425
411
400
386
373
360
352
340
330
321
310
299
291
283
276
266
259
250
244
236
231
225
217
212
205
200
196
192
185
180
176
170
167
164
160
154
150
148
138
133
138
135
133
128
117
116
118
115
109
113
97
56
99
112
105
76
90
98
74
42
21
55
84
86
61
16
-36
-37
38
103
99
-22
-278
-199
18
68
-14
-180
-189
-123
-57
-83
-217
-229
-178
-189
-245
-485
-596
-379
-262
-369
-612
-492
-135
-134
-246
-290
-346
-537
-381
-233
-459
-1083
-1466
-1164
-506
-163
-420
-937
-1153
-1041
-951
-1229
-1459
-1465
-1463
-1434
-1309
-1340
-1172
-833
-611
-898
-1332
-1329
-996
-505
-412
-652
-753
-931
-1112
-712
-443
-578
-721
-662
-533
-635
-705
-548
-326
-514
-1109
-1385
-1076
-537
-412
-929
-1268
-1060
-888
-951
-1006
-1148
-1285
-1257
-1130
-929
-610
-339
234
721
138
-581
-554
-209
-86
-435
-803
-939
-904
-777
-601
-449
-411
-413
-478
-563
-597
-641
-689
-724
-790
-852
-826
-807
-861
-868
-827
-780
-788
-869
-957
-1034
-1154
-1223
-1205
-1122
-1107
-1153
-1162
-1130
-1100
-1147
-1241
-1286
-1287
-1317
-1382
-1451
-1500
-1513
-1496
-1458
-1410
-1361
-1310
-1262
-1218
-1172
-1126
-1082
-1042
-1000
-963
-924
-889
-855
-821
-790
-759
-728
-699
-673
-646
-619
-595
-571
-548
-525
-504
-485
-465
-444
-427
-409
-393
-376
-360
-344
-330
-316
-302
-291
-277
-265
-252
-243
-231
-220
-211
-200
-190
-183
-172
-165
-156
-150
-141
-134
-126
-120
-115
-107
-102
-97
-89
-84
-78
-73
-69
-62
-57
-53
-49
-42
-38
-34
-27
-22
-17
-9
-2
3
6
11
16
19
24
32
39
49
56
64
72
81
87
96
101
106
114
117
125
141
155
160
162
166
177
182
181
183
196
210
221
236
257
265
277
294
315
332
340
326
322
327
331
337
337
339
349
357
354
355
371
395
407
403
380
372
403
455
475
471
467
457
456
481
516
507
488
502
481
451
485
520
529
515
482
473
501
538
569
576
561
554
555
563
563
568
562
553
549
561
556
540
557
563
548
560
578
581
585
601
618
569
518
512
541
547
516
484
457
441
473
507
480
418
380
387
403
416
426
453
488
519
528
512
515
530
516
499
475
464
448
451
483
497
484
458
437
443
448
440
425
408
395
389
385
389
402
417
387
360
348
338
353
359
343
325
323
336
361
389
392
386
381
376
346
320
307
305
304
301
300
297
296
299
293
281
289
307
321
317
299
295
305
315
309
294
283
280
284
281
246
212
210
225
235
233
235
248
227
211
227
243
227
194
169
178
212
249
232
180
173
189
198
179
167
184
215
229
209
183
183
183
161
141
140
146
148
133
119
133
150
157
149
147
156
169
181
181
168
167
177
176
167
180
204
227
217
195
199
230
226
181
161
179
209
220
203
186
189
201
215
220
202
172
179
211
218
198
179
171
155
140
149
157
154
155
153
153
145
129
125
145
166
169
161
155
151
166
173
155
141
148
135
107
75
67
82
90
87
89
106
128
139
137
134
140
151
155
138
117
107
97
80
67
80
87
90
91
97
103
113
121
130
124
122
123
118
104
108
117
123
114
101
104
118
130
137
156
173
162
150
152
137
128
120
119
122
130
125
122
123
121
107
90
90
87
81
92
120
137
124
120
123
130
132
120
108
113
108
106
112
117
101
83
86
104
122
138
133
124
123
131
124
121
120
119
124
128
118
115
113
105
102
105
105
96
92
115
137
145
128
106
102
102
117
123
121
117
108
113
129
113
88
92
105
102
87
81
85
97
104
106
106
114
99
65
67
83
86
80
64
43
42
51
57
58
52
54
59
60
50
35
39
58
68
66
57
39
36
52
55
54
60
60
66
69
56
69
86
75
68
83
107
98
71
71
93
125
118
87
81
91
102
84
67
68
75
67
64
73
83
86
73
51
40
40
43
58
69
60
57
58
60
61
60
51
44
59
70
72
66
54
56
67
53
42
57
73
82
83
98
112
92
82
81
76
69
54
45
43
55
80
88
73
57
49
51
69
71
66
73
87
89
80
70
65
88
98
71
54
60
75
89
89
80
65
67
76
84
91
104
114
106
99
96
96
93
92
82
70
66
72
69
58
57
67
75
81
87
100
115
124
128
128
118
97
89
104
118
105
98
114
114
96
71
61
72
83
87
88
82
75
83
90
93
86
71
66
75
97
117
104
64
53
60
87
93
57
36
48
67
76
70
57
51
49
45
53
75
83
67
51
48
45
50
50
51
52
51
65
73
68
59
54
48
53
74
90
85
80
71
58
60
81
99
98
88
85
91
92
76
57
60
86
89
75
72
70
65
76
87
73
59
55
59
66
59
56
57
80
89
48
17
29
56
71
61
43
51
68
68
49
34
42
55
44
20
11
24
41
59
72
73
56
50
54
61
71
65
37
23
33
52
48
29
22
20
25
45
51
40
39
48
43
40
55
69
71
58
48
43
51
57
53
58
84
112
104
83
75
76
81
89
66
50
45
55
67
64
50
39
49
68
81
71
60
56
57
57
56
68
85
96
85
68
83
96
98
89
87
73
64
61
67
66
58
55
53
53
48
49
44
42
48
44
40
35
24
21
21
18
19
35
34
18
29
57
75
82
84
87
89
92
82
73
84
83
67
50
49
56
71
80
74
70
80
96
88
71
65
64
64
76
81
56
36
24
10
16
26
26
21
7
1
33
65
49
27
38
58
66
55
52
67
74
76
85
84
73
84
86
80
81
76
71
64
67
85
100
101
92
87
86
86
77
59
52
56
69
81
68
42
39
56
58
55
67
74
57
37
49
66
70
64
50
59
72
80
85
83
80
85
83
60
35
24
38
66
81
76
65
54
54
55
61
48
32
43
67
80
74
65
67
80
87
89
83
69
67
69
60
56
50
38
38
52
68
82
76
50
39
66
101
113
89
50
40
58
69
49
27
32
45
65
75
80
68
50
32
25
35
41
36
25
19
22
37
41
38
42
60
72
69
73
89
99
89
80
66
61
65
70
70
76
83
71
48
25
19
20
20
28
45
51
38
35
38
43
50
50
40
40
49
61
69
58
52
58
55
34
36
57
59
39
20
13
17
28
40
32
21
24
32
40
64
83
72
57
57
76
80
77
85
73
49
45
56
67
69
69
70
73
74
67
52
36
26
33
33
23
27
38
36
20
21
51
71
59
40
41
52
57
48
33
48
74
74
55
43
45
35
25
23
19
18
22
34
36
37
55
75
73
58
49
48
55
53
55
66
80
66
45
40
53
66
70
65
51
50
68
89
83
57
40
36
39
53
56
58
68
74
74
55
36
38
59
80
83
86
91
90
85
82
77
73
75
87
83
82
81
82
73
65
54
42
37
38
38
36
36
34
24
4
0
12
19
19
23
33
44
53
64
69
73
64
61
67
51
39
45
45
39
28
19
20
34
57
72
71
74
83
80
73
81
91
96
90
90
90
86
80
85
85
73
61
49
35
36
50
53
48
44
54
55
64
69
60
40
35
42
42
50
65
70
68
50
37
43
67
57
38
38
39
33
23
18
25
54
86
89
74
66
64
71
74
69
41
11
8
13
21
33
28
9
3
13
28
35
33
21
3
-10
-22
-11
11
23
16
22
40
44
43
50
49
41
48
50
48
49
55
59
65
69
68
55
43
50
57
60
64
72
74
71
72
77
87
80
59
53
68
89
85
72
72
80
75
70
65
55
53
55
64
64
64
72
80
80
53
39
52
50
41
44
52
53
51
52
58
67
68
68
75
98
116
105
98
87
76
75
83
91
87
85
85
86
71
61
65
60
58
60
57
36
21
9
-2
0
17
10
2
4
8
9
13
35
55
65
57
56
60
66
